[23:59:21.186] 1059, 00:00:00, 1, F, LAUNCH_WAIT, 0.2, 21.0, 101323.6, 4.20, 0.49, 0.0, 0.0, 0.0, 0.00, 0.00, 9.81, 00:00:00, 0.0, 51.1833, -1.8214, 8, CXON, DISARMED, 95, 2.049, 0, 0, EMULATOR
[23:59:22.178] 1059, 00:00:01, 2, F, LAUNCH_WAIT, -0.2, 20.9, 101329.2, 4.20, 0.52, 0.0, 0.0, 0.0, 0.00, 0.00, 9.81, 00:00:01, 0.0, 51.1833, -1.8214, 8, CXON, DISARMED, 95, 2.192, 0, 0, EMULATOR
[23:59:23.189] 1059, 00:00:02, 3, F, LAUNCH_WAIT, -0.4, 20.9, 101334.0, 4.19, 0.57, 0.0, 0.0, 0.0, 0.00, 0.00, 9.81, 00:00:02, 0.0, 51.1833, -1.8214, 8, CXON, DISARMED, 95, 2.391, 0, 0, EMULATOR
[23:59:24.182] 1059, 00:00:03, 4, F, LAUNCH_WAIT, -0.4, 21.0, 101326.0, 4.20, 0.57, 0.0, 0.0, 0.0, 0.00, 0.00, 9.81, 00:00:03, 0.0, 51.1833, -1.8214, 8, CXON, DISARMED, 95, 2.398, 0, 0, EMULATOR
[23:59:25.193] 1059, 00:00:04, 5, F, LAUNCH_WAIT, 0.4, 21.0, 101322.5, 4.20, 0.56, 0.0, 0.0, 0.0, 0.00, 0.00, 9.81, 00:00:04, 0.0, 51.1833, -1.8214, 8, CXON, DISARMED, 95, 2.340, 0, 0, EMULATOR
[23:59:26.176] 1059, 00:00:05, 6, F, LAUNCH_WAIT, -0.5, 21.0, 101326.6, 4.20, 0.55, 0.0, 0.0, 0.0, 0.00, 0.00, 9.81, 00:00:05, 0.0, 51.1833, -1.8214, 8, CXON, DISARMED, 95, 2.319, 0, 0, EMULATOR
[23:59:27.179] 1059, 00:00:06, 7, F, LAUNCH_WAIT, -0.1, 21.1, 101330.1, 4.20, 0.54, 0.0, 0.0, 0.0, 0.00, 0.00, 9.81, 00:00:06, 0.0, 51.1833, -1.8214, 8, CXON, DISARMED, 95, 2.275, 0, 0, EMULATOR
[23:59:28.188] 1059, 00:00:07, 8, F, LAUNCH_WAIT, -0.1, 21.1, 101330.0, 4.20, 0.52, 0.0, 0.0, 0.0, 0.00, 0.00, 9.81, 00:00:07, 0.0, 51.1833, -1.8214, 8, CXON, DISARMED, 95, 2.194, 0, 0, EMULATOR
[23:59:29.183] 1059, 00:00:08, 9, F, LAUNCH_WAIT, 0.1, 21.2, 101322.2, 4.20, 0.57, 0.0, 0.0, 0.0, 0.00, 0.00, 9.81, 00:00:08, 0.0, 51.1833, -1.8214, 8, CXON, DISARMED, 95, 2.380, 0, 0, EMULATOR
[23:59:30.191] 1059, 00:00:09, 10, F, LAUNCH_WAIT, -0.4, 21.2, 101335.0, 4.20, 0.57, 0.0, 0.0, 0.0, 0.00, 0.00, 9.81, 00:00:09, 0.0, 51.1833, -1.8214, 8, CXON, DISARMED, 95, 2.399, 0, 0, EMULATOR
[23:59:31.186] 1059, 00:00:10, 11, F, LAUNCH_WAIT, 0.4, 21.2, 101323.6, 4.20, 0.60, 0.0, 0.0, 0.0, 0.00, 0.00, 9.81, 00:00:10, 0.0, 51.1833, -1.8214, 8, CXON, DISARMED, 95, 2.534, 0, 0, EMULATOR
[23:59:32.180] 1059, 00:00:11, 12, F, LAUNCH_WAIT, -0.3, 21.1, 101330.2, 4.19, 0.60, 0.0, 0.0, 0.0, 0.00, 0.00, 9.81, 00:00:11, 0.0, 51.1833, -1.8214, 8, CXON, DISARMED, 95, 2.515, 0, 0, EMULATOR
[23:59:33.186] 1059, 00:00:12, 13, F, LAUNCH_WAIT, -0.5, 21.2, 101330.1, 4.20, 0.57, 0.0, 0.0, 0.0, 0.00, 0.00, 9.81, 00:00:12, 0.0, 51.1833, -1.8214, 8, CXON, DISARMED, 95, 2.397, 0, 0, EMULATOR
[23:59:34.183] 1059, 00:00:13, 14, F, LAUNCH_WAIT, 0.5, 21.1, 101322.9, 4.20, 0.59, 0.0, 0.0, 0.0, 0.00, 0.00, 9.81, 00:00:13, 0.0, 51.1833, -1.8214, 8, CXON, DISARMED, 95, 2.484, 0, 0, EMULATOR
[23:59:35.178] 1059, 00:00:14, 15, F, LAUNCH_WAIT, -0.2, 21.1, 101329.0, 4.20, 0.61, 0.0, 0.0, 0.0, 0.00, 0.00, 9.81, 00:00:14, 0.0, 51.1833, -1.8214, 8, CXON, DISARMED, 95, 2.555, 0, 0, EMULATOR
[23:59:36.175] 1059, 00:00:15, 16, F, LAUNCH_WAIT, -0.1, 21.0, 101328.5, 4.20, 0.57, 0.0, 0.0, 0.0, 0.00, 0.00, 9.81, 00:00:15, 0.0, 51.1833, -1.8214, 8, CXON, DISARMED, 95, 2.388, 0, 0, EMULATOR
[23:59:37.180] 1059, 00:00:16, 17, F, LAUNCH_WAIT, -0.2, 21.1, 101329.1, 4.20, 0.61, 0.0, 0.0, 0.0, 0.00, 0.00, 9.81, 00:00:16, 0.0, 51.1833, -1.8214, 8, CXON, DISARMED, 95, 2.547, 0, 0, EMULATOR
[23:59:38.187] 1059, 00:00:17, 18, F, LAUNCH_WAIT, 0.2, 21.1, 101323.7, 4.20, 0.57, 0.0, 0.0, 0.0, 0.00, 0.00, 9.81, 00:00:17, 0.0, 51.1833, -1.8214, 8, CXON, DISARMED, 95, 2.394, 0, 0, EMULATOR
[23:59:39.183] 1059, 00:00:18, 19, F, LAUNCH_WAIT, -0.1, 21.0, 101322.6, 4.20, 0.58, 0.0, 0.0, 0.0, 0.00, 0.00, 9.81, 00:00:18, 0.0, 51.1833, -1.8214, 8, CXON, DISARMED, 95, 2.424, 0, 0, EMULATOR
[23:59:40.170] 1059, 00:00:19, 20, F, LAUNCH_WAIT, 0.2, 21.0, 101318.5, 4.20, 0.58, 0.0, 0.0, 0.0, 0.00, 0.00, 9.81, 00:00:19, 0.0, 51.1833, -1.8214, 8, CXON, DISARMED, 95, 2.451, 0, 0, EMULATOR
[23:59:41.187] 1059, 00:00:20, 21, F, LAUNCH_WAIT, 0.0, 21.0, 101325.6, 4.20, 0.57, 0.0, 0.0, 0.0, 0.00, 0.00, 9.81, 00:00:20, 0.0, 51.1833, -1.8214, 8, CXON, DISARMED, 95, 2.382, 0, 0, EMULATOR
[23:59:42.171] 1059, 00:00:21, 22, F, LAUNCH_WAIT, 0.2, 21.0, 101320.2, 4.19, 0.57, 0.0, 0.0, 0.0, 0.00, 0.00, 9.81, 00:00:21, 0.0, 51.1833, -1.8214, 8, CXON, DISARMED, 95, 2.405, 0, 0, EMULATOR
[23:59:43.189] 1059, 00:00:22, 23, F, LAUNCH_WAIT, -0.0, 21.1, 101326.7, 4.19, 0.56, 0.0, 0.0, 0.0, 0.00, 0.00, 9.81, 00:00:22, 0.0, 51.1833, -1.8214, 8, CXON, DISARMED, 95, 2.351, 0, 0, EMULATOR
[23:59:44.184] 1059, 00:00:23, 24, F, LAUNCH_WAIT, -0.2, 21.0, 101329.3, 4.19, 0.57, 0.0, 0.0, 0.0, 0.00, 0.00, 9.81, 00:00:23, 0.0, 51.1833, -1.8214, 8, ST, DISARMED, 95, 2.393, 0, 0, EMULATOR
[23:59:45.180] 1059, 00:00:24, 25, F, LAUNCH_WAIT, 0.4, 21.0, 101315.6, 4.20, 0.57, 0.0, 0.0, 0.0, 0.00, 0.00, 9.81, 00:00:24, 0.0, 51.1833, -1.8214, 8, ST, DISARMED, 95, 2.413, 0, 0, EMULATOR
[23:59:46.187] 1059, 00:00:25, 26, F, LAUNCH_WAIT, 0.3, 21.1, 101316.1, 4.20, 0.60, 0.0, 0.0, 0.0, 0.00, 0.00, 9.81, 00:00:25, 0.0, 51.1833, -1.8214, 8, ST, DISARMED, 95, 2.507, 0, 0, EMULATOR
[23:59:47.180] 1059, 00:00:26, 27, F, LAUNCH_WAIT, -0.2, 21.2, 101323.5, 4.20, 0.56, 0.0, 0.0, 0.0, 0.00, 0.00, 9.81, 00:00:26, 0.0, 51.1833, -1.8214, 8, CAL, DISARMED, 95, 2.346, 0, 0, EMULATOR
[23:59:48.182] 1059, 00:00:27, 28, F, LAUNCH_WAIT, 0.4, 21.3, 101324.0, 4.19, 0.56, 0.0, 0.0, 0.0, 0.00, 0.00, 9.81, 00:00:27, 0.0, 51.1833, -1.8214, 8, CAL, DISARMED, 95, 2.356, 0, 0, EMULATOR
[23:59:49.184] 1059, 00:00:28, 29, F, LAUNCH_WAIT, 0.5, 21.2, 101318.6, 4.20, 0.60, 0.0, 0.0, 0.0, 0.00, 0.00, 9.81, 00:00:28, 0.0, 51.1833, -1.8214, 8, CAL, DISARMED, 95, 2.535, 0, 0, EMULATOR
[23:59:50.177] 1059, 00:00:29, 30, F, LAUNCH_WAIT, 0.2, 21.1, 101324.4, 4.20, 0.58, 0.0, 0.0, 0.0, 0.00, 0.00, 9.81, 00:00:29, 0.0, 51.1833, -1.8214, 8, CAL, DISARMED, 95, 2.430, 0, 0, EMULATOR
[23:59:51.188] 1059, 00:00:30, 31, F, LAUNCH_WAIT, -0.2, 21.2, 101323.8, 4.20, 0.62, 0.0, 0.0, 0.0, 0.00, 0.00, 9.81, 00:00:30, 0.0, 51.1833, -1.8214, 8, CAL, DISARMED, 95, 2.596, 0, 0, EMULATOR
[23:59:52.178] 1059, 00:00:31, 32, F, LAUNCH_WAIT, 0.4, 21.1, 101323.9, 4.20, 0.65, 0.0, 0.0, 0.0, 0.00, 0.00, 9.81, 00:00:31, 0.0, 51.1833, -1.8214, 8, CAL, DISARMED, 95, 2.717, 0, 0, EMULATOR
[23:59:53.181] 1059, 00:00:32, 33, F, LAUNCH_WAIT, -0.4, 21.1, 101325.0, 4.20, 0.66, 0.0, 0.0, 0.0, 0.00, 0.00, 9.81, 00:00:32, 0.0, 51.1833, -1.8214, 8, CAL, DISARMED, 95, 2.768, 0, 0, EMULATOR
[23:59:54.182] 1059, 00:00:33, 34, F, LAUNCH_WAIT, -0.3, 21.0, 101326.2, 4.19, 0.66, 0.0, 0.0, 0.0, 0.00, 0.00, 9.81, 00:00:33, 0.0, 51.1833, -1.8214, 8, CAL, DISARMED, 95, 2.772, 0, 0, EMULATOR
[23:59:55.178] 1059, 00:00:34, 35, F, LAUNCH_WAIT, 0.1, 21.0, 101325.2, 4.20, 0.66, 0.0, 0.0, 0.0, 0.00, 0.00, 9.81, 00:00:34, 0.0, 51.1833, -1.8214, 8, CAL, DISARMED, 95, 2.792, 0, 0, EMULATOR
[23:59:56.188] 1059, 00:00:35, 36, F, LAUNCH_WAIT, -0.3, 21.0, 101332.3, 4.20, 0.67, 0.0, 0.0, 0.0, 0.00, 0.00, 9.81, 00:00:35, 0.0, 51.1833, -1.8214, 8, CAL, DISARMED, 95, 2.797, 0, 0, EMULATOR
[23:59:57.181] 1059, 00:00:36, 37, F, LAUNCH_WAIT, -0.5, 21.0, 101328.7, 4.19, 0.69, 0.0, 0.0, 0.0, 0.00, 0.00, 9.81, 00:00:36, 0.0, 51.1833, -1.8214, 8, CAL, DISARMED, 95, 2.889, 0, 0, EMULATOR
[23:59:58.238] 1059, 00:00:37, 38, F, LAUNCH_WAIT, 0.4, 21.1, 101317.6, 4.19, 0.65, 0.0, 0.0, 0.0, 0.00, 0.00, 9.81, 00:00:37, 0.0, 51.1833, -1.8214, 8, CAL, DISARMED, 95, 2.721, 0, 0, EMULATOR
[23:59:59.185] 1059, 00:00:38, 39, F, LAUNCH_WAIT, -0.2, 21.1, 101331.2, 4.18, 0.66, 0.0, 0.0, 0.0, 0.00, 0.00, 9.81, 00:00:38, 0.0, 51.1833, -1.8214, 8, CAL, DISARMED, 95, 2.738, 0, 0, EMULATOR
[00:00:00.177] 1059, 00:00:39, 40, F, LAUNCH_WAIT, 0.3, 21.1, 101325.3, 4.17, 0.66, 0.0, 0.0, 0.0, 0.00, 0.00, 9.81, 00:00:39, 0.0, 51.1833, -1.8214, 8, CAL, DISARMED, 95, 2.756, 0, 0, EMULATOR
[00:00:01.187] 1059, 00:00:40, 41, F, LAUNCH_WAIT, -0.0, 21.1, 101320.2, 4.18, 0.61, 0.0, 0.0, 0.0, 0.00, 0.00, 9.81, 00:00:40, 0.0, 51.1833, -1.8214, 8, ARMON, ARMED, 95, 2.572, 0, 0, EMULATOR
[00:00:02.182] 1059, 00:00:41, 42, F, LAUNCH_WAIT, -0.4, 21.2, 101328.2, 4.19, 0.66, 0.0, 0.0, 0.0, 0.00, 0.00, 9.81, 00:00:41, 0.0, 51.1833, -1.8214, 8, ARMON, ARMED, 95, 2.784, 0, 0, EMULATOR
[00:00:03.192] 1059, 00:00:42, 43, F, LAUNCH_WAIT, -0.2, 21.1, 101331.8, 4.19, 0.63, 0.0, 0.0, 0.0, 0.00, 0.00, 9.81, 00:00:42, 0.0, 51.1833, -1.8214, 8, ARMON, ARMED, 95, 2.632, 0, 0, EMULATOR
[00:00:04.185] 1059, 00:00:43, 44, F, LAUNCH_WAIT, 0.1, 21.0, 101320.0, 4.19, 0.67, 0.0, 0.0, 0.0, 0.00, 0.00, 9.81, 00:00:43, 0.0, 51.1833, -1.8214, 8, ARMON, ARMED, 95, 2.815, 0, 0, EMULATOR
[00:00:05.170] 1059, 00:00:44, 45, F, LAUNCH_WAIT, -0.1, 21.0, 101325.3, 4.19, 0.68, 0.0, 0.0, 0.0, 0.00, 0.00, 9.81, 00:00:44, 0.0, 51.1833, -1.8214, 8, ARMON, ARMED, 95, 2.840, 0, 0, EMULATOR
[00:00:06.185] 1059, 00:00:45, 46, F, ASCENT, 11.8, 21.0, 101181.8, 4.20, 0.66, 2.0, -16.1, -8.7, -0.25, -1.00, 9.47, 00:00:45, 11.6, 51.1832, -1.8214, 8, ARMON, ARMED, 95, 2.753, 0, 0, EMULATOR
[00:00:07.176] 1059, 00:00:46, 47, F, ASCENT, 20.6, 21.0, 101074.8, 4.20, 0.66, -19.7, -4.7, -3.7, 0.14, -0.41, 9.89, 00:00:46, 21.1, 51.1832, -1.8214, 8, ARMON, ARMED, 95, 2.759, 0, 0, EMULATOR
[00:00:08.194] 1059, 00:00:47, 48, F, ASCENT, 28.9, 21.0, 100977.1, 4.20, 0.66, -10.4, 18.6, -3.6, -0.24, 0.32, 10.79, 00:00:47, 29.0, 51.1832, -1.8214, 8, ARMON, ARMED, 95, 2.758, 0, 0, EMULATOR
[00:00:09.179] 1059, 00:00:48, 49, F, ASCENT, 39.5, 21.0, 100846.1, 4.20, 0.63, 0.2, 2.8, 2.1, 0.20, 0.98, 9.27, 00:00:48, 38.5, 51.1832, -1.8214, 8, ARMON, ARMED, 95, 2.651, 0, 0, EMULATOR
[00:00:10.179] 1059, 00:00:49, 50, F, ASCENT, 48.3, 20.9, 100744.3, 4.19, 0.63, 16.8, 5.4, 0.1, 0.75, 0.34, 10.97, 00:00:49, 45.8, 51.1832, -1.8214, 8, ARMON, ARMED, 95, 2.647, 0, 0, EMULATOR
[00:00:11.189] 1059, 00:00:50, 51, F, ASCENT, 56.4, 20.9, 100648.7, 4.20, 0.64, -12.5, 8.3, 7.5, -0.45, 0.72, 9.47, 00:00:50, 57.8, 51.1832, -1.8214, 8, ARMON, ARMED, 95, 2.675, 0, 0, EMULATOR
[00:00:12.176] 1059, 00:00:51, 52, F, ASCENT, 64.9, 20.8, 100549.9, 4.19, 0.63, 7.5, 17.9, 7.3, 0.34, 0.07, 10.24, 00:00:51, 65.1, 51.1832, -1.8214, 8, ARMON, ARMED, 95, 2.621, 0, 0, EMULATOR
[00:00:13.176] 1059, 00:00:52, 53, F, ASCENT, 75.7, 20.9, 100415.3, 4.18, 0.63, 13.5, -14.2, -6.0, 0.60, 0.94, 9.22, 00:00:52, 77.9, 51.1832, -1.8214, 8, ARMON, ARMED, 95, 2.624, 0, 0, EMULATOR
[00:00:14.185] 1059, 00:00:53, 54, F, ASCENT, 85.3, 20.8, 100309.0, 4.19, 0.66, 7.3, -13.9, 3.0, -0.51, -0.81, 10.81, 00:00:53, 84.8, 51.1832, -1.8214, 8, ARMON, ARMED, 95, 2.746, 0, 0, EMULATOR
[00:00:15.180] 1059, 00:00:54, 55, F, ASCENT, 94.5, 20.8, 100196.0, 4.20, 0.61, 8.7, -8.7, -6.2, -0.66, -0.10, 9.05, 00:00:54, 96.3, 51.1832, -1.8214, 8, ARMON, ARMED, 95, 2.548, 0, 0, EMULATOR
[00:00:16.189] 1059, 00:00:55, 56, F, ASCENT, 103.0, 20.8, 100093.7, 4.20, 0.59, 12.4, -17.2, 6.4, -0.58, 0.08, 9.08, 00:00:55, 105.7, 51.1832, -1.8214, 8, ARMON, ARMED, 95, 2.458, 0, 0, EMULATOR
[00:00:17.173] 1059, 00:00:56, 57, F, ASCENT, 113.3, 20.7, 99971.7, 4.19, 0.62, -8.2, -11.4, -6.5, 0.62, -0.68, 10.41, 00:00:56, 113.9, 51.1832, -1.8214, 8, ARMON, ARMED, 95, 2.609, 0, 0, EMULATOR
[00:00:18.183] 1059, 00:00:57, 58, F, ASCENT, 121.5, 20.7, 99873.3, 4.20, 0.62, -10.5, 18.3, 2.1, -0.91, -0.35, 10.03, 00:00:57, 123.9, 51.1833, -1.8213, 8, ARMON, ARMED, 95, 2.611, 0, 0, EMULATOR
[00:00:19.186] 1059, 00:00:58, 59, F, ASCENT, 132.1, 20.8, 99752.6, 4.20, 0.62, 4.8, 13.3, -9.3, 0.92, 0.76, 9.75, 00:00:58, 130.1, 51.1832, -1.8213, 8, ARMON, ARMED, 95, 2.585, 0, 0, EMULATOR
[00:00:20.195] 1059, 00:00:59, 60, F, ASCENT, 140.4, 20.8, 99654.1, 4.20, 0.61, -13.9, -19.3, -9.0, 0.02, -0.92, 10.17, 00:00:59, 141.4, 51.1833, -1.8213, 8, ARMON, ARMED, 95, 2.546, 0, 0, EMULATOR
[00:00:21.190] 1059, 00:01:00, 61, F, ASCENT, 152.0, 20.7, 99512.7, 4.20, 0.59, 5.4, 1.3, 5.5, 0.52, 0.26, 10.67, 00:01:00, 153.7, 51.1833, -1.8214, 8, ARMON, ARMED, 95, 2.495, 0, 0, EMULATOR
[00:00:22.183] 1059, 00:01:01, 62, F, ASCENT, 161.0, 20.7, 99403.2, 4.20, 0.60, -0.6, -11.5, 6.1, -0.34, 0.15, 9.22, 00:01:01, 160.7, 51.1833, -1.8214, 8, ARMON, ARMED, 95, 2.533, 0, 0, EMULATOR
[00:00:23.189] 1059, 00:01:02, 63, F, ASCENT, 169.9, 20.7, 99302.4, 4.20, 0.60, -11.0, -1.0, 2.4, -0.51, 0.04, 10.62, 00:01:02, 168.8, 51.1833, -1.8214, 8, ARMON, ARMED, 95, 2.538, 0, 0, EMULATOR
[00:00:24.183] 1059, 00:01:03, 64, F, ASCENT, 179.1, 20.6, 99189.9, 4.20, 0.59, -16.1, 6.7, -1.8, 0.75, 0.77, 10.02, 00:01:03, 181.4, 51.1834, -1.8214, 8, ARMON, ARMED, 95, 2.467, 0, 0, EMULATOR
[00:00:25.178] 1059, 00:01:04, 65, F, ASCENT, 187.6, 20.6, 99092.0, 4.20, 0.58, -14.4, 19.8, 6.3, -0.18, 0.98, 10.17, 00:01:04, 187.0, 51.1834, -1.8214, 8, ARMON, ARMED, 95, 2.448, 0, 0, EMULATOR
[00:00:26.189] 1059, 00:01:05, 66, F, ASCENT, 198.4, 20.5, 98966.2, 4.20, 0.58, 3.5, -2.1, -5.2, -0.82, 0.99, 9.80, 00:01:05, 196.4, 51.1834, -1.8214, 8, ARMON, ARMED, 95, 2.419, 0, 0, EMULATOR
[00:00:27.181] 1059, 00:01:06, 67, F, ASCENT, 208.9, 20.5, 98838.5, 4.20, 0.59, -15.3, 12.0, 5.8, 0.87, 0.25, 10.49, 00:01:06, 206.4, 51.1834, -1.8215, 8, ARMON, ARMED, 95, 2.497, 0, 0, EMULATOR
[00:00:28.190] 1059, 00:01:07, 68, F, ASCENT, 217.2, 20.6, 98745.1, 4.20, 0.56, 15.3, 10.4, -1.1, -0.22, 0.96, 10.97, 00:01:07, 216.9, 51.1834, -1.8214, 8, ARMON, ARMED, 95, 2.348, 0, 0, EMULATOR
[00:00:29.186] 1059, 00:01:08, 69, F, ASCENT, 225.3, 20.6, 98652.2, 4.20, 0.57, 19.8, -11.7, -8.9, 0.57, -0.38, 9.52, 00:01:08, 224.9, 51.1834, -1.8214, 8, ARMON, ARMED, 95, 2.392, 0, 0, EMULATOR
[00:00:30.180] 1059, 00:01:09, 70, F, ASCENT, 235.4, 20.6, 98532.5, 4.20, 0.61, 6.3, -2.4, -1.8, 0.72, -0.50, 9.99, 00:01:09, 234.8, 51.1834, -1.8214, 8, ARMON, ARMED, 95, 2.554, 0, 0, EMULATOR
[00:00:31.191] 1059, 00:01:10, 71, F, ASCENT, 245.6, 20.5, 98414.6, 4.20, 0.59, -19.0, -19.5, 5.2, -0.89, 0.75, 10.03, 00:01:10, 248.1, 51.1834, -1.8214, 8, ARMON, ARMED, 95, 2.494, 0, 0, EMULATOR
[00:00:32.180] 1059, 00:01:11, 72, F, ASCENT, 254.0, 20.5, 98311.9, 4.19, 0.55, -5.1, 3.1, 2.4, -0.25, 0.69, 10.93, 00:01:11, 256.4, 51.1834, -1.8215, 8, ARMON, ARMED, 95, 2.315, 0, 0, EMULATOR
[00:00:33.178] 1059, 00:01:12, 73, F, ASCENT, 264.1, 20.5, 98188.7, 4.19, 0.54, -1.9, 19.2, -6.7, -0.12, 0.20, 9.08, 00:01:12, 262.4, 51.1835, -1.8215, 8, ARMON, ARMED, 95, 2.277, 0, 0, EMULATOR
[00:00:34.189] 1059, 00:01:13, 74, F, ASCENT, 274.2, 20.4, 98075.2, 4.19, 0.52, -2.8, -9.5, -3.2, 0.93, 0.58, 10.13, 00:01:13, 273.0, 51.1835, -1.8215, 8, ARMON, ARMED, 95, 2.177, 0, 0, EMULATOR
[00:00:35.179] 1059, 00:01:14, 75, F, ASCENT, 283.4, 20.5, 97965.6, 4.20, 0.48, 12.6, -3.7, -3.4, 0.97, 0.12, 9.26, 00:01:14, 286.3, 51.1834, -1.8215, 8, ARMON, ARMED, 95, 2.026, 0, 0, EMULATOR
[00:00:36.185] 1059, 00:01:15, 76, F, ASCENT, 292.3, 20.5, 97863.7, 4.20, 0.48, -18.9, 14.5, 6.5, -0.97, 0.51, 9.34, 00:01:15, 290.1, 51.1834, -1.8215, 8, ARMON, ARMED, 95, 2.017, 0, 0, EMULATOR
[00:00:37.181] 1059, 00:01:16, 77, F, ASCENT, 300.6, 20.5, 97764.5, 4.20, 0.45, 1.2, 6.3, -8.4, -0.36, -0.26, 10.08, 00:01:16, 298.7, 51.1834, -1.8215, 8, ARMON, ARMED, 95, 1.905, 0, 0, EMULATOR
[00:00:38.194] 1059, 00:01:17, 78, F, ASCENT, 311.1, 20.5, 97645.5, 4.19, 0.41, 18.5, -9.4, -8.8, 0.50, -0.47, 10.14, 00:01:17, 310.5, 51.1834, -1.8215, 8, ARMON, ARMED, 95, 1.727, 0, 0, EMULATOR
[00:00:39.174] 1059, 00:01:18, 79, F, ASCENT, 320.6, 20.4, 97534.8, 4.19, 0.45, 15.1, 0.5, 3.6, 0.29, 0.12, 10.96, 00:01:18, 319.2, 51.1835, -1.8214, 8, ARMON, ARMED, 95, 1.881, 0, 0, EMULATOR
[00:00:40.176] 1059, 00:01:19, 80, F, ASCENT, 331.0, 20.3, 97416.4, 4.19, 0.44, 7.7, -5.0, -6.6, 0.79, -0.03, 10.36, 00:01:19, 333.0, 51.1834, -1.8214, 8, ARMON, ARMED, 95, 1.843, 0, 0, EMULATOR
[00:00:41.178] 1059, 00:01:20, 81, F, ASCENT, 341.6, 20.4, 97289.4, 4.19, 0.45, 0.9, 1.1, -4.8, 0.59, -0.71, 10.02, 00:01:20, 342.2, 51.1835, -1.8214, 8, ARMON, ARMED, 95, 1.905, 0, 0, EMULATOR
[00:00:42.185] 1059, 00:01:21, 82, F, ASCENT, 352.0, 20.3, 97172.2, 4.19, 0.49, 1.7, 4.8, 6.5, 0.40, -0.10, 9.89, 00:01:21, 353.4, 51.1835, -1.8214, 8, ARMON, ARMED, 95, 2.068, 0, 0, EMULATOR
[00:00:43.179] 1059, 00:01:22, 83, F, ASCENT, 362.4, 20.4, 97043.8, 4.19, 0.53, 6.3, -11.1, 7.0, -0.58, 0.36, 10.43, 00:01:22, 359.5, 51.1835, -1.8214, 8, ARMON, ARMED, 95, 2.201, 0, 0, EMULATOR
[00:00:44.188] 1059, 00:01:23, 84, F, ASCENT, 372.3, 20.5, 96929.9, 4.20, 0.52, -10.7, 1.0, -1.6, 0.28, -0.49, 9.37, 00:01:23, 371.5, 51.1834, -1.8214, 8, ARMON, ARMED, 95, 2.201, 0, 0, EMULATOR
[00:00:45.183] 1059, 00:01:24, 85, F, ASCENT, 382.3, 20.5, 96811.8, 4.20, 0.57, -7.0, 5.4, 4.9, -0.17, -0.52, 9.14, 00:01:24, 379.5, 51.1835, -1.8214, 8, ARMON, ARMED, 95, 2.396, 0, 0, EMULATOR
[00:00:46.191] 1059, 00:01:25, 86, F, ASCENT, 391.4, 20.5, 96711.7, 4.20, 0.59, -6.7, -15.2, -0.3, 0.13, -0.75, 10.97, 00:01:25, 393.2, 51.1835, -1.8214, 8, ARMON, ARMED, 95, 2.473, 0, 0, EMULATOR
[00:00:47.175] 1059, 00:01:26, 87, F, ASCENT, 402.0, 20.6, 96589.3, 4.20, 0.61, -4.5, 17.6, -6.2, -0.63, 0.00, 10.22, 00:01:26, 402.5, 51.1834, -1.8214, 8, ARMON, ARMED, 95, 2.568, 0, 0, EMULATOR
[00:00:48.195] 1059, 00:01:27, 88, F, ASCENT, 413.9, 20.6, 96456.2, 4.20, 0.63, -18.9, -15.8, -3.5, 0.68, -0.41, 10.38, 00:01:27, 414.7, 51.1834, -1.8215, 8, ARMON, ARMED, 95, 2.659, 0, 0, EMULATOR
[00:00:49.188] 1059, 00:01:28, 89, F, ASCENT, 422.9, 20.6, 96343.3, 4.19, 0.68, -13.2, 15.0, -3.3, -0.00, -0.57, 10.48, 00:01:28, 420.2, 51.1835, -1.8215, 8, ARMON, ARMED, 95, 2.834, 0, 0, EMULATOR
[00:00:50.173] 1059, 00:01:29, 90, F, ASCENT, 434.3, 20.6, 96215.1, 4.19, 0.66, 11.6, -6.6, -7.3, 0.29, -0.56, 9.36, 00:01:29, 432.2, 51.1835, -1.8215, 8, ARMON, ARMED, 95, 2.774, 0, 0, EMULATOR
[00:00:51.192] 1059, 00:01:30, 91, F, ASCENT, 444.1, 20.6, 96107.3, 4.20, 0.69, -1.7, 18.0, -1.4, -0.28, -0.30, 9.39, 00:01:30, 446.9, 51.1835, -1.8215, 8, ARMON, ARMED, 95, 2.876, 0, 0, EMULATOR
[00:00:52.185] 1059, 00:01:31, 92, F, ASCENT, 452.7, 20.6, 96001.9, 4.19, 0.64, 9.4, 17.1, 5.9, 0.91, -0.73, 9.94, 00:01:31, 451.6, 51.1835, -1.8215, 8, ARMON, ARMED, 95, 2.691, 0, 0, EMULATOR
[00:00:53.179] 1059, 00:01:32, 93, F, ASCENT, 462.9, 20.7, 95891.2, 4.20, 0.66, -1.6, 5.3, 6.5, 0.26, 0.33, 9.31, 00:01:32, 462.8, 51.1835, -1.8214, 8, ARMON, ARMED, 95, 2.767, 0, 0, EMULATOR
[00:00:54.181] 1059, 00:01:33, 94, F, ASCENT, 473.6, 20.7, 95761.9, 4.20, 0.70, 12.0, 16.9, 2.9, -0.04, -0.91, 10.21, 00:01:33, 470.7, 51.1835, -1.8214, 8, ARMON, ARMED, 95, 2.945, 0, 0, EMULATOR
[00:00:55.180] 1059, 00:01:34, 95, F, ASCENT, 483.0, 20.8, 95655.8, 4.19, 0.67, 10.4, -7.0, 9.0, -0.87, 0.88, 9.36, 00:01:34, 485.7, 51.1835, -1.8214, 8, ARMON, ARMED, 95, 2.816, 0, 0, EMULATOR
[00:00:56.192] 1059, 00:01:35, 96, F, ASCENT, 493.5, 20.8, 95540.1, 4.20, 0.66, 1.6, -9.6, -2.0, -0.75, 0.73, 10.00, 00:01:35, 490.7, 51.1836, -1.8214, 8, ARMON, ARMED, 95, 2.766, 0, 0, EMULATOR
[00:00:57.185] 1059, 00:01:36, 97, F, ASCENT, 502.9, 20.9, 95428.1, 4.19, 0.68, 6.4, -0.8, -6.9, 0.73, 0.16, 10.23, 00:01:36, 500.4, 51.1836, -1.8214, 8, ARMON, ARMED, 95, 2.871, 0, 0, EMULATOR
[00:00:58.179] 1059, 00:01:37, 98, F, APOGEE, 502.4, 21.0, 95432.5, 4.20, 0.71, -2.4, -0.8, -6.9, 0.73, 0.16, 1.14, 00:01:37, 500.4, 51.1836, -1.8214, 8, ARMON, ARMED, 95, 3.000, 0, 0, EMULATOR
[00:00:59.189] 1059, 00:01:38, 99, F, APOGEE, 502.8, 21.0, 95432.0, 4.20, 0.68, -1.2, -0.8, -6.9, 0.73, 0.16, 1.34, 00:01:38, 500.4, 51.1836, -1.8214, 8, ARMON, ARMED, 95, 2.843, 0, 0, EMULATOR
[00:01:00.182] 1059, 00:01:39, 100, F, APOGEE, 503.0, 21.0, 95426.6, 4.20, 0.69, 2.8, -0.8, -6.9, 0.73, 0.16, 0.91, 00:01:39, 500.4, 51.1836, -1.8214, 8, ARMON, ARMED, 95, 2.916, 0, 0, EMULATOR
[00:01:01.191] 1059, 00:01:40, 101, F, DESCENT, 499.8, 21.0, 95467.4, 4.19, 0.71, 6.3, -18.6, -6.9, -1.95, -0.09, 8.41, 00:01:40, 499.0, 51.1835, -1.8214, 8, ARMON, ARMED, 95, 2.989, 0, 0, EMULATOR
[00:01:02.184] 1059, 00:01:41, 102, F, DESCENT, 497.0, 21.0, 95491.8, 4.19, 0.70, -19.8, -38.5, -6.9, 0.46, -0.10, 8.65, 00:01:41, 495.1, 51.1836, -1.8214, 8, ARMON, ARMED, 95, 2.928, 0, 0, EMULATOR
[00:01:03.195] 1059, 00:01:42, 103, F, DESCENT, 494.5, 21.1, 95525.4, 4.20, 0.75, -16.4, -40.7, -6.9, 1.04, -1.29, 9.13, 00:01:42, 492.9, 51.1835, -1.8214, 8, ARMON, ARMED, 95, 3.137, 0, 0, EMULATOR
[00:01:04.190] 1059, 00:01:43, 104, F, DESCENT, 491.0, 21.2, 95562.8, 4.20, 0.78, -9.5, 39.4, -6.9, -1.39, 1.58, 8.60, 00:01:43, 490.4, 51.1836, -1.8215, 8, ARMON, ARMED, 95, 3.282, 0, 0, EMULATOR
[00:01:05.181] 1059, 00:01:44, 105, F, DESCENT, 487.2, 21.1, 95607.6, 4.19, 0.82, 33.6, 3.2, -6.9, 0.26, -1.85, 7.95, 00:01:44, 487.0, 51.1836, -1.8214, 8, ARMON, ARMED, 95, 3.456, 0, 0, EMULATOR
[00:01:06.188] 1059, 00:01:45, 106, F, DESCENT, 483.9, 21.2, 95646.6, 4.18, 0.83, 12.2, 38.5, -6.9, -0.79, 1.18, 7.48, 00:01:45, 485.8, 51.1836, -1.8214, 8, ARMON, ARMED, 95, 3.476, 0, 0, EMULATOR
[00:01:07.182] 1059, 00:01:46, 107, F, DESCENT, 481.6, 21.1, 95673.5, 4.18, 0.79, -46.9, 12.4, -6.9, -0.99, 1.87, 8.25, 00:01:46, 481.9, 51.1836, -1.8214, 8, ARMON, ARMED, 95, 3.302, 0, 0, EMULATOR
[00:01:08.180] 1059, 00:01:47, 108, F, DESCENT, 478.1, 21.0, 95710.4, 4.19, 0.82, -11.7, 22.6, -6.9, 0.12, 0.07, 9.52, 00:01:47, 479.5, 51.1836, -1.8213, 8, ARMON, ARMED, 95, 3.430, 0, 0, EMULATOR
[00:01:09.185] 1059, 00:01:48, 109, F, DESCENT, 474.4, 21.1, 95758.7, 4.19, 0.85, -11.9, -26.6, -6.9, 1.52, 1.56, 8.51, 00:01:48, 473.0, 51.1836, -1.8214, 8, ARMON, ARMED, 95, 3.547, 0, 0, EMULATOR
[00:01:10.184] 1059, 00:01:49, 110, F, DESCENT, 471.6, 21.0, 95787.5, 4.18, 0.83, -12.5, -22.4, -6.9, 0.98, -1.36, 8.84, 00:01:49, 470.4, 51.1836, -1.8214, 8, ARMON, ARMED, 95, 3.459, 0, 0, EMULATOR
[00:01:11.190] 1059, 00:01:50, 111, F, DESCENT, 469.6, 21.0, 95811.5, 4.17, 0.87, 42.0, -43.1, -6.9, 1.89, 1.82, 9.04, 00:01:50, 467.7, 51.1836, -1.8213, 8, ARMON, ARMED, 95, 3.626, 0, 0, EMULATOR
[00:01:12.185] 1059, 00:01:51, 112, F, DESCENT, 467.1, 21.1, 95839.8, 4.17, 0.88, -35.5, 9.2, -6.9, 0.89, 1.19, 8.06, 00:01:51, 466.1, 51.1837, -1.8214, 8, ARMON, ARMED, 95, 3.665, 0, 0, EMULATOR
[00:01:13.197] 1059, 00:01:52, 113, F, DESCENT, 464.0, 21.2, 95875.6, 4.17, 0.92, 28.7, -31.3, -6.9, -0.40, 0.83, 8.67, 00:01:52, 464.4, 51.1836, -1.8214, 8, ARMON, ARMED, 95, 3.837, 0, 0, EMULATOR
[00:01:14.188] 1059, 00:01:53, 114, F, DESCENT, 460.1, 21.2, 95922.4, 4.18, 0.88, -5.7, 32.8, -6.9, -1.47, -0.94, 9.10, 00:01:53, 458.7, 51.1836, -1.8213, 8, ARMON, ARMED, 95, 3.662, 0, 0, EMULATOR
[00:01:15.185] 1059, 00:01:54, 115, F, DESCENT, 457.7, 21.2, 95946.0, 4.17, 0.84, 42.6, 7.1, -6.9, 0.02, -0.71, 7.81, 00:01:54, 457.3, 51.1835, -1.8213, 8, ARMON, ARMED, 95, 3.493, 0, 0, EMULATOR
[00:01:16.192] 1059, 00:01:55, 116, F, DESCENT, 454.6, 21.2, 95983.3, 4.17, 0.83, 7.4, 49.2, -6.9, -1.22, 1.89, 8.94, 00:01:55, 456.1, 51.1835, -1.8213, 8, ARMON, ARMED, 95, 3.467, 0, 0, EMULATOR
[00:01:17.187] 1059, 00:01:56, 117, F, DESCENT, 451.6, 21.2, 96018.7, 4.18, 0.81, -32.8, 38.7, -6.9, -0.85, 0.61, 9.19, 00:01:56, 449.7, 51.1835, -1.8214, 8, ARMON, ARMED, 95, 3.373, 0, 0, EMULATOR
[00:01:18.182] 1059, 00:01:57, 118, F, DESCENT, 448.4, 21.3, 96054.8, 4.18, 0.78, -11.5, 14.8, -6.9, -0.40, 1.53, 9.29, 00:01:57, 449.7, 51.1836, -1.8213, 8, ARMON, ARMED, 95, 3.263, 0, 0, EMULATOR
[00:01:19.190] 1059, 00:01:58, 119, F, DESCENT, 445.7, 21.3, 96083.9, 4.18, 0.76, -14.8, 33.4, -6.9, -1.22, 0.32, 8.53, 00:01:58, 447.5, 51.1835, -1.8213, 8, ARMON, ARMED, 95, 3.178, 0, 0, EMULATOR
[00:01:20.185] 1059, 00:01:59, 120, F, DESCENT, 442.1, 21.3, 96125.9, 4.17, 0.76, -38.4, -43.8, -6.9, -1.51, 0.43, 7.36, 00:01:59, 440.3, 51.1836, -1.8214, 8, ARMON, ARMED, 95, 3.157, 0, 0, EMULATOR
[00:01:21.194] 1059, 00:02:00, 121, F, DESCENT, 438.2, 21.4, 96169.7, 4.18, 0.75, 45.5, 3.7, -6.9, -0.14, 1.95, 7.77, 00:02:00, 437.5, 51.1837, -1.8214, 8, ARMON, ARMED, 95, 3.147, 0, 0, EMULATOR
[00:01:22.188] 1059, 00:02:01, 122, F, DESCENT, 435.0, 21.4, 96210.1, 4.19, 0.72, 16.6, 25.9, -6.9, -0.27, 1.68, 8.33, 00:02:01, 436.7, 51.1836, -1.8214, 8, ARMON, ARMED, 95, 2.998, 0, 0, EMULATOR
[00:01:23.178] 1059, 00:02:02, 123, F, DESCENT, 431.8, 21.4, 96243.9, 4.19, 0.68, -27.6, 34.5, -6.9, 0.38, -0.94, 8.41, 00:02:02, 432.6, 51.1836, -1.8215, 8, ARMON, ARMED, 95, 2.869, 0, 0, EMULATOR
[00:01:24.191] 1059, 00:02:03, 124, F, DESCENT, 429.3, 21.5, 96277.0, 4.20, 0.66, -21.7, -1.8, -6.9, 0.34, 0.36, 9.27, 00:02:03, 430.8, 51.1835, -1.8216, 8, ARMON, ARMED, 95, 2.778, 0, 0, EMULATOR
[00:01:25.186] 1059, 00:02:04, 125, F, DESCENT, 425.8, 21.6, 96311.3, 4.20, 0.67, 20.4, 29.5, -6.9, -1.52, -0.98, 8.19, 00:02:04, 425.6, 51.1836, -1.8215, 8, ARMON, ARMED, 95, 2.826, 0, 0, EMULATOR
[00:01:26.191] 1059, 00:02:05, 126, F, DESCENT, 422.9, 21.6, 96345.8, 4.19, 0.69, -31.1, -30.4, -6.9, 1.17, -0.42, 9.69, 00:02:05, 422.6, 51.1835, -1.8215, 8, ARMON, ARMED, 95, 2.909, 0, 0, EMULATOR
[00:01:27.186] 1059, 00:02:06, 127, F, DESCENT, 419.9, 21.6, 96384.2, 4.20, 0.69, -3.5, 3.7, -6.9, -0.95, -0.86, 9.86, 00:02:06, 418.4, 51.1835, -1.8216, 8, ARMON, ARMED, 95, 2.880, 0, 0, EMULATOR
[00:01:28.182] 1059, 00:02:07, 128, F, DESCENT, 417.1, 21.5, 96418.4, 4.20, 0.66, -0.1, 16.3, -6.9, 0.38, -1.71, 8.50, 00:02:07, 416.4, 51.1835, -1.8216, 8, ARMON, ARMED, 95, 2.779, 0, 0, EMULATOR
[00:01:29.189] 1059, 00:02:08, 129, F, DESCENT, 413.3, 21.5, 96458.5, 4.19, 0.64, -7.3, 8.8, -6.9, 1.32, 1.46, 8.43, 00:02:08, 412.3, 51.1836, -1.8217, 8, ARMON, ARMED, 95, 2.676, 0, 0, EMULATOR
[00:01:30.185] 1059, 00:02:09, 130, F, DESCENT, 410.6, 21.5, 96488.1, 4.18, 0.62, -48.7, -16.4, -6.9, 1.05, 1.93, 7.10, 00:02:09, 412.4, 51.1835, -1.8218, 8, ARMON, ARMED, 95, 2.611, 0, 0, EMULATOR
[00:01:31.197] 1059, 00:02:10, 131, F, DESCENT, 407.5, 21.5, 96523.3, 4.19, 0.60, 49.4, 32.8, -6.9, 0.95, 1.12, 9.89, 00:02:10, 405.7, 51.1836, -1.8217, 8, ARMON, ARMED, 95, 2.532, 0, 0, EMULATOR
[00:01:32.189] 1059, 00:02:11, 132, F, DESCENT, 404.7, 21.6, 96559.0, 4.19, 0.56, -12.8, 41.3, -6.9, -1.98, -0.86, 9.31, 00:02:11, 403.5, 51.1837, -1.8216, 8, ARMON, ARMED, 95, 2.358, 0, 0, EMULATOR
[00:01:33.176] 1059, 00:02:12, 133, F, DESCENT, 402.6, 21.6, 96586.8, 4.18, 0.60, -28.7, -26.3, -6.9, 1.93, -1.34, 8.22, 00:02:12, 401.1, 51.1836, -1.8217, 8, ARMON, ARMED, 95, 2.515, 0, 0, EMULATOR
[00:01:34.192] 1059, 00:02:13, 134, F, DESCENT, 399.8, 21.5, 96613.3, 4.18, 0.62, 10.7, -25.3, -6.9, 0.33, 1.10, 9.89, 00:02:13, 400.1, 51.1836, -1.8216, 8, ARMON, ARMED, 95, 2.591, 0, 0, EMULATOR
[00:01:35.184] 1059, 00:02:14, 135, F, DESCENT, 397.6, 21.4, 96640.7, 4.17, 0.65, -0.9, -18.3, -6.9, 1.09, 1.45, 8.13, 00:02:14, 395.9, 51.1837, -1.8216, 8, ARMON, ARMED, 95, 2.729, 0, 0, EMULATOR
[00:01:36.179] 1059, 00:02:15, 136, F, DESCENT, 393.7, 21.5, 96679.8, 4.17, 0.61, 49.9, 41.8, -6.9, 0.92, -1.66, 7.24, 00:02:15, 394.3, 51.1836, -1.8217, 8, ARMON, ARMED, 95, 2.555, 0, 0, EMULATOR
[00:01:37.180] 1059, 00:02:16, 137, F, DESCENT, 390.6, 21.4, 96724.6, 4.17, 0.66, -19.9, 33.5, -6.9, 1.25, -1.21, 8.19, 00:02:16, 389.8, 51.1836, -1.8216, 8, ARMON, ARMED, 95, 2.735, 0, 0, EMULATOR
[00:01:38.183] 1059, 00:02:17, 138, F, DESCENT, 387.0, 21.3, 96761.1, 4.16, 0.65, -43.2, 36.6, -6.9, 1.71, 0.31, 8.59, 00:02:17, 388.9, 51.1836, -1.8216, 8, ARMON, ARMED, 95, 2.714, 0, 0, EMULATOR
[00:01:39.185] 1059, 00:02:18, 139, F, DESCENT, 384.8, 21.2, 96785.0, 4.16, 0.63, 30.6, -27.2, -6.9, 0.58, -0.61, 8.70, 00:02:18, 386.6, 51.1835, -1.8216, 8, ARMON, ARMED, 95, 2.640, 0, 0, EMULATOR
[00:01:40.186] 1059, 00:02:19, 140, F, DESCENT, 381.3, 21.2, 96826.0, 4.16, 0.62, 5.5, -20.2, -6.9, 1.10, -0.29, 8.91, 00:02:19, 379.8, 51.1835, -1.8216, 8, ARMON, ARMED, 95, 2.569, 0, 0, EMULATOR
[00:01:41.195] 1059, 00:02:20, 141, F, DESCENT, 377.7, 21.2, 96874.5, 4.15, 0.57, -18.4, -35.4, -6.9, -0.21, -1.12, 8.40, 00:02:20, 377.7, 51.1834, -1.8216, 8, ARMON, ARMED, 95, 2.370, 0, 0, EMULATOR
[00:01:42.178] 1059, 00:02:21, 142, F, DESCENT, 375.7, 21.2, 96892.6, 4.15, 0.56, 43.2, 36.9, -6.9, -1.84, 0.68, 9.93, 00:02:21, 374.9, 51.1835, -1.8216, 8, ARMON, ARMED, 95, 2.311, 0, 0, EMULATOR
[00:01:43.183] 1059, 00:02:22, 143, F, DESCENT, 371.7, 21.2, 96943.1, 4.16, 0.52, 9.8, -15.8, -6.9, 1.01, 0.72, 9.21, 00:02:22, 371.9, 51.1834, -1.8215, 8, ARMON, ARMED, 95, 2.157, 0, 0, EMULATOR
[00:01:44.192] 1059, 00:02:23, 144, F, DESCENT, 369.5, 21.1, 96965.0, 4.16, 0.48, -15.0, 44.4, -6.9, 1.41, 1.49, 7.74, 00:02:23, 370.3, 51.1834, -1.8216, 8, ARMON, ARMED, 95, 2.011, 0, 0, EMULATOR
[00:01:45.186] 1059, 00:02:24, 145, F, DESCENT, 366.4, 21.1, 97004.4, 4.16, 0.48, -7.4, -39.7, -6.9, 0.39, -1.95, 9.95, 00:02:24, 367.1, 51.1835, -1.8216, 8, ARMON, ARMED, 95, 1.995, 0, 0, EMULATOR
[00:01:46.174] 1059, 00:02:25, 146, F, DESCENT, 363.1, 21.0, 97035.2, 4.16, 0.51, -0.9, 34.5, -6.9, 1.03, 1.16, 8.63, 00:02:25, 362.9, 51.1835, -1.8216, 8, ARMON, ARMED, 95, 2.104, 0, 0, EMULATOR
[00:01:47.189] 1059, 00:02:26, 147, F, DESCENT, 360.4, 20.9, 97066.1, 4.15, 0.48, 7.9, -32.4, -6.9, -1.65, 1.72, 7.09, 00:02:26, 358.5, 51.1836, -1.8217, 8, ARMON, ARMED, 95, 1.992, 0, 0, EMULATOR
[00:01:48.178] 1059, 00:02:27, 148, F, DESCENT, 358.1, 21.0, 97099.8, 4.14, 0.50, 43.2, 2.1, -6.9, 0.82, 1.09, 7.64, 00:02:27, 358.1, 51.1835, -1.8217, 8, ARMON, ARMED, 95, 2.061, 0, 0, EMULATOR
[00:01:49.192] 1059, 00:02:28, 149, F, DESCENT, 355.0, 20.9, 97137.8, 4.14, 0.46, -39.5, -32.2, -6.9, 0.17, 1.32, 8.20, 00:02:28, 356.1, 51.1835, -1.8217, 8, ARMON, ARMED, 95, 1.924, 0, 0, EMULATOR
[00:01:50.186] 1059, 00:02:29, 150, F, DESCENT, 352.6, 20.8, 97164.6, 4.15, 0.43, -42.5, 20.9, -6.9, -0.43, -1.45, 8.91, 00:02:29, 353.8, 51.1835, -1.8216, 8, ARMON, ARMED, 95, 1.788, 0, 0, EMULATOR
[00:01:51.196] 1059, 00:02:30, 151, F, DESCENT, 349.6, 20.7, 97191.7, 4.14, 0.40, -37.6, -36.7, -6.9, 0.73, -1.35, 7.31, 00:02:30, 351.1, 51.1836, -1.8217, 8, ARMON, ARMED, 95, 1.663, 0, 0, EMULATOR
[00:02:09.596] .00, 0.00, 9.81, 00:00:00, 0.0, 51.1833, -1.8214, 8, CXON, DISARMED, 95, 2.049, 0, 0, EMULATOR
[00:02:10.588] 1059, 00:00:00, 1, F, LAUNCH_WAIT, 0.2, 21.0, 101323.6, 4.20, 0.49, 0.0, 0.0, 0.0, 01059, 00:00:01, 2, F, LAUNCH_WAIT, -0.2, 20.9, 101329.2, 4.20, 0.52, 0.0, 0.0, 0.0, 0.00, 0.00, 9.81, 00:00:01, 0.0, 51.1833, -1.8214, 8, CXON, DISARMED, 95, 2.192, 0, 0, EMULATOR
[00:02:16.972] 1059, 00:00:07, 3, F, LAUNCH_WAIT, -0.4, 20.9, 101334.0, 4.19, 0.57, 0.0, 0.0, 0.0, 0.00, 0.00, 9.81, 00:00:07, 0.0, 51.1833, -1.8214, 8, CXON, DISARMED, 95, 2.391, 0, 0, EMULATOR
[00:02:19.315] 1059, 00:00:09, 4, F, LAUNCH_WAIT, -0.4, 21.0, 101326.0, 4.20, 0.57, 0.0, 0.0, 0.0, 0.00, 0.00, 9.81, 00:00:09, 0.0, 51.1833, -1.8214, 8, CXON, DISARMED, 95, 2.398, 0, 0, EMULATOR
[00:02:20.309] 1059, 00:00:10, 5, F, LAUNCH_WAIT, 0.4, 21.0, 101322.5, 4.20, 0.56, 0.0, 0.0, 0.0, 0.00, 0.00, 9.81, 00:00:10, 0.0, 51.1833, -1.8214, 8, CXON, DISARMED, 95, 2.340, 0, 0, EMULATOR
[00:02:21.319] 1059, 00:00:11, 6, F, LAUNCH_WAIT, -0.5, 21.0, 101326.6, 4.20, 0.55, 0.0, 0.0, 0.0, 0.00, 0.00, 9.81, 00:00:11, 0.0, 51.1833, -1.8214, 8, CXON, DISARMED, 95, 2.319, 0, 0, EMULATOR
[00:02:22.312] 1059, 00:00:12, 7, F, LAUNCH_WAIT, -0.1, 21.1, 101330.1, 4.20, 0.54, 0.0, 0.0, 0.0, 0.00, 0.00, 9.81, 00:00:12, 0.0, 51.1833, -1.8214, 8, CXON, DISARMED, 95, 2.275, 0, 0, EMULATOR
[00:02:23.307] 1059, 00:00:13, 8, F, LAUNCH_WAIT, -0.1, 21.1, 101330.0, 4.20, 0.52, 0.0, 0.0, 0.0, 0.00, 0.00, 9.81, 00:00:13, 0.0, 51.1833, -1.8214, 8, CXON, DISARMED, 95, 2.194, 0, 0, EMULATOR
[00:02:24.316] 1059, 00:00:14, 9, F, LAUNCH_WAIT, 0.1, 21.2, 101322.2, 4.20, 0.57, 0.0, 0.0, 0.0, 0.00, 0.00, 9.81, 00:00:14, 0.0, 51.1833, -1.8214, 8, CXON, DISARMED, 95, 2.380, 0, 0, EMULATOR
[00:02:25.311] 1059, 00:00:15, 10, F, LAUNCH_WAIT, -0.4, 21.2, 101335.0, 4.20, 0.57, 0.0, 0.0, 0.0, 0.00, 0.00, 9.81, 00:00:15, 0.0, 51.1833, -1.8214, 8, CXON, DISARMED, 95, 2.399, 0, 0, EMULATOR
[00:02:26.304] 1059, 00:00:16, 11, F, LAUNCH_WAIT, 0.4, 21.2, 101323.6, 4.20, 0.60, 0.0, 0.0, 0.0, 0.00, 0.00, 9.81, 00:00:16, 0.0, 51.1833, -1.8214, 8, CXON, DISARMED, 95, 2.534, 0, 0, EMULATOR
[00:02:27.314] 1059, 00:00:17, 12, F, LAUNCH_WAIT, -0.3, 21.1, 101330.2, 4.19, 0.60, 0.0, 0.0, 0.0, 0.00, 0.00, 9.81, 00:00:17, 0.0, 51.1833, -1.8214, 8, CXON, DISARMED, 95, 2.515, 0, 0, EMULATOR
[00:02:28.309] 1059, 00:00:18, 13, F, LAUNCH_WAIT, -0.5, 21.2, 101330.1, 4.20, 0.57, 0.0, 0.0, 0.0, 0.00, 0.00, 9.81, 00:00:18, 0.0, 51.1833, -1.8214, 8, CXON, DISARMED, 95, 2.397, 0, 0, EMULATOR
[00:02:29.319] 1059, 00:00:19, 14, F, LAUNCH_WAIT, 0.5, 21.1, 101322.9, 4.20, 0.59, 0.0, 0.0, 0.0, 0.00, 0.00, 9.81, 00:00:19, 0.0, 51.1833, -1.8214, 8, CXON, DISARMED, 95, 2.484, 0, 0, EMULATOR
[00:02:30.313] 1059, 00:00:20, 15, F, LAUNCH_WAIT, -0.2, 21.1, 101329.0, 4.20, 0.61, 0.0, 0.0, 0.0, 0.00, 0.00, 9.81, 00:00:20, 0.0, 51.1833, -1.8214, 8, CXON, DISARMED, 95, 2.555, 0, 0, EMULATOR
[00:02:31.308] 1059, 00:00:21, 16, F, LAUNCH_WAIT, -0.1, 21.0, 101328.5, 4.20, 0.57, 0.0, 0.0, 0.0, 0.00, 0.00, 9.81, 00:00:21, 0.0, 51.1833, -1.8214, 8, CXON, DISARMED, 95, 2.388, 0, 0, EMULATOR
[00:02:32.317] 1059, 00:00:22, 17, F, LAUNCH_WAIT, -0.2, 21.1, 101329.1, 4.20, 0.61, 0.0, 0.0, 0.0, 0.00, 0.00, 9.81, 00:00:22, 0.0, 51.1833, -1.8214, 8, CXON, DISARMED, 95, 2.547, 0, 0, EMULATOR
[00:02:33.311] 1059, 00:00:23, 18, F, LAUNCH_WAIT, 0.2, 21.1, 101323.7, 4.20, 0.57, 0.0, 0.0, 0.0, 0.00, 0.00, 9.81, 00:00:23, 0.0, 51.1833, -1.8214, 8, CXON, DISARMED, 95, 2.394, 0, 0, EMULATOR
[00:02:34.320] 1059, 00:00:24, 19, F, LAUNCH_WAIT, -0.1, 21.0, 101322.6, 4.20, 0.58, 0.0, 0.0, 0.0, 0.00, 0.00, 9.81, 00:00:24, 0.0, 51.1833, -1.8214, 8, CXON, DISARMED, 95, 2.424, 0, 0, EMULATOR
[00:02:35.315] 1059, 00:00:25, 20, F, LAUNCH_WAIT, 0.2, 21.0, 101318.5, 4.20, 0.58, 0.0, 0.0, 0.0, 0.00, 0.00, 9.81, 00:00:25, 0.0, 51.1833, -1.8214, 8, CXON, DISARMED, 95, 2.451, 0, 0, EMULATOR
[00:02:36.308] 1059, 00:00:26, 21, F, LAUNCH_WAIT, 0.0, 21.0, 101325.6, 4.20, 0.57, 0.0, 0.0, 0.0, 0.00, 0.00, 9.81, 00:00:26, 0.0, 51.1833, -1.8214, 8, CXON, DISARMED, 95, 2.382, 0, 0, EMULATOR
[00:02:37.318] 1059, 00:00:27, 22, F, LAUNCH_WAIT, 0.2, 21.0, 101320.2, 4.19, 0.57, 0.0, 0.0, 0.0, 0.00, 0.00, 9.81, 00:00:27, 0.0, 51.1833, -1.8214, 8, CXON, DISARMED, 95, 2.405, 0, 0, EMULATOR
[00:02:38.312] 1059, 00:00:28, 23, F, LAUNCH_WAIT, -0.0, 21.1, 101326.7, 4.19, 0.56, 0.0, 0.0, 0.0, 0.00, 0.00, 9.81, 00:00:28, 0.0, 51.1833, -1.8214, 8, CXON, DISARMED, 95, 2.351, 0, 0, EMULATOR
[00:02:39.306] 1059, 00:00:29, 24, F, LAUNCH_WAIT, -0.2, 21.0, 101329.3, 4.19, 0.57, 0.0, 0.0, 0.0, 0.00, 0.00, 9.81, 00:00:29, 0.0, 51.1833, -1.8214, 8, CXON, DISARMED, 95, 2.393, 0, 0, EMULATOR
[00:02:40.316] 1059, 00:00:30, 25, F, LAUNCH_WAIT, 0.4, 21.0, 101315.6, 4.20, 0.57, 0.0, 0.0, 0.0, 0.00, 0.00, 9.81, 00:00:30, 0.0, 51.1833, -1.8214, 8, CXON, DISARMED, 95, 2.413, 0, 0, EMULATOR
[00:02:41.310] 1059, 00:00:31, 26, F, LAUNCH_WAIT, 0.3, 21.1, 101316.1, 4.20, 0.60, 0.0, 0.0, 0.0, 0.00, 0.00, 9.81, 00:00:31, 0.0, 51.1833, -1.8214, 8, CXON, DISARMED, 95, 2.507, 0, 0, EMULATOR
[00:02:42.320] 1059, 00:00:32, 27, F, LAUNCH_WAIT, -0.2, 21.2, 101323.5, 4.20, 0.56, 0.0, 0.0, 0.0, 0.00, 0.00, 9.81, 00:00:32, 0.0, 51.1833, -1.8214, 8, CXON, DISARMED, 95, 2.346, 0, 0, EMULATOR
